       user     system      total        real
60  0.087942   0.000027   0.087969 (  0.088110)
61  0.087298   0.000000   0.087298 (  0.087354)
62  0.087221   0.000000   0.087221 (  0.087265)
63  0.087387   0.000000   0.087387 (  0.087457)
64  0.079924   0.000000   0.079924 (  0.080055)
65  0.078672   0.000000   0.078672 (  0.078722)
66  0.077416   0.000000   0.077416 (  0.077457)
67  0.078836   0.000000   0.078836 (  0.078961)
68  0.077652   0.000000   0.077652 (  0.077704)
69  0.077515   0.000000   0.077515 (  0.077554)
70  0.078005   0.000000   0.078005 (  0.078147)
